939
352
652
178
651
659
70
534
539
266
417
583
316
780
406
296
140
214
147
592
378
99
609
338
466
389
608
269
803
795
453
844
631
619
218
966
547
866
278
263
576
106
56
232
394
843
766
422
383
806
578
31
737
597
672
554
295
895
57
222
153
938
420
371
299
114
557
441
604
922
406
686
495
888
493
612
969
637
406
970
940
701
731
409
212
172
681
242
985
498
781
110
260
593
503
910
461
92
949
796
668
866
683
458
518
523
186
10
226
266
367
477
701
588
733
680
211
952
909
171
511
159
933
364
485
102
630
28
446
441
835
440
243
683
959
299
446
948
518
234
701
777
767
240
592
178
336
938
30
472
707
782
891
790
360
400
844
913
346
589
246
235
278
228
955
460
89
297
974
354
802
307
586
323
272
225
278
208
989
801
620
909
739
273
339
862
838
82
401
420
970
825
892
103
110
999
11
462
778
836
608
494
45
935
657
0
858
697
855
742
67
796
751
78
446
750
112
639
71
722
411
884
599
800
154
240
788
739
506
825
737
900
586
375
879
37
577
6
43
985
227
27
874
434
309
972
115
75
665
643
460
848
716
979
944
410
766
787
695
487
657
860
758
73
350
262
936
517
132
952
429
552
266
407
411
213
839
454
274
18
728
879
28
204
738
249
725
383
969
219
679
659
800
520
177
3
146
211
241
960
688
388
392
389
347
947
605
540
237
565
836
642
995
686
800
750
94
950
742
279
275
494
981
191
391
628
411
938
654
301
745
932
502
435
618
394
584
39
544
575
983
449
184
610
435
654
959
662
680
904
340
259
395
132
303
699
469
185
651
727
60
869
329
450
718
692
877
990
287
795
244
158
212
193
86
188
216
399
81
564
352
418
406
313
547
143
512
15
732
366
401
744
586
810
335
514
63
864
712
969
344
653
418
113
413
757
551
935
778
26
974
529
245
362
908
266
217
324
397
187
226
684
246
38
890
509
501
37
923
62
212
187
309
8
705
712
426
511
665
547
65
735
839
611
920
553
359
7
94
501
448
247
352
826
9
650
898
141
491
681
728
271
312
868
773
114
674
211
515
460
831
248
220
677
571
316
290
982
46
326
370
754
544
371
934
890
898
58
274
139
663
328
871
186
956
532
295
412
587
779
992
23
758
166
429
797
226
362
385
210
873
9
741
723
797
255
75
377
130
968
420
495
843
536
24
840
936
299
708
669
335
102
825
22
936
189
74
366
93
455
821
276
217
511
638
303
480
812
305
897
464
523
239
152
943
851
282
673
53
657
44
909
803
781
333
153
932
877
580
609
315
209
640
557
605
47
999
878
256
864
270
2
276
626
138
918
409
31
327
68
722
390
607
182
505
169
957
289
90
551
34
541
36
226
464
140
37
507
726
393
21
221
971
115
415
551
726
322
779
750
493
514
599
115
436
326
416
296
25
174
603
897
870
739
24
89
38
682
130
770
996
816
832
673
528
69
112
169
651
148
588
967
701
906
421
582
541
437
440
412
449
727
670
204
414
499
512
62
226
319
739
388
184
138
904
462
413
104
71
648
761
507
997
786
991
781
3
72
736
868
642
980
28
973
571
57
571
676
892
393
244
522
336
673
940
608
917
506
985
331
148
756
175
0
629
63
291
618
938
466
502
762
12
679
916
647
899
174
677
150
250
10
196
707
401
841
414
265
480
479
725
38
904
629
750
251
36
334
344
234
128
779
591
824
9
407
919
822
789
573
572
59
604
593
305
396
263
636
960
406
592
500
466
154
50
467
311
675
699
119
856
389
23
554
26
710
246
739
894
513
921
101
600
560
129
734
148
50
25
938
736
350
717
369
390
479
3
534
720
944
256
154
41
946
382
937
801
635
733
3
889
609
56
741
608
840
697
777
421
8
336
923
566
210
480
406
105
756
330
695
41
756
813
855
308
481
46
671
106
608
245
207
0
174
729
775
413
873
109
514
940
244
690
368
316
122
431
611
37
602
71
180
612
828
98
390
648
908
862
563
710
124
879
575
514
143
788
546
567
891
860
185
409
910
361
879
353
709
357
664
728
273
650
518
967
674
838
840
943
80
526
23
581
472
498
315
768
92
162
302
662
151
71
15
347
31
397
433
476
924
895
765
611
967
964
838
684
62
153
35
655
728
511
58
887
964
126
83
754
775
553
819
722
701
860
674
932
807
228
535
294
438
151
26
238
455
524
866
305
784
323
24
138
986
599
972
371
935
411
447
816
349
748
241
42
76
741
51
458
309
760
591
383
716
156
543
745
983
618
860