6226
6940
5835
598
829
9763
5821
8078
2767
3524
2170
6459
8225
2064
4237
6952
7827
6234
3410
7379
1134
2165
5194
4031
9576
9521
216
9337
5448
2440
3392
5101
4378
3908
3601
7721
4613
5396
4016
2210
7131
4623
3927
8214
5297
9896
2190
3602
9489
3890
2521
8997
7996
3797
8001
3732
707
3297
5016
9823
9815
67
2455
6932
47
2582
3930
2419
8811
4844
3455
3474
903
1885
4042
3282
9426
2815
573
801
6927
5959
2710
5665
2251
9631
1369
9480
1584
1848
5584
6106
5962
8242
512
4325
2473
2362
9582
5675
4198
7810
1522
5141
7369
6407
8491
853
6762
8864
690
4973
2902
2354
739
5742
3620
5308
2106
3508
7097
4863
8282
1136
4297
2861
836
4582
5167
903
1942
2153
1135
335
7218
9475
8554
2005
5712
6569
274
9024
6086
7069
4446
6779
3687
8502
8639
5571
330
9182
6404
5822
3630
6011
8652
4462
5546
608
379
9653
393
4036
5102
1403
1781
7107
7986
6286
1075
5284
817
618
9153
9179
9023
8425
6635
7968
1732
877
3939
9936
171
9228
1842
9346
9675
5450
1770
908
9091
1085
175
1654
9467
7405
2534
7039
696
7883
1339
1072
9905
3908
7289
686
1136
3045
8822
1844
9675
785
2445
9264
2260
7841
1760
668
5901
1180
2717
8512
1024
8695
1760
86
9950
6606
106
5566
4918
9219
1265
7220
3096
6566
9512
6574
8490
1879
9184
7050
9900
2264
7598
1800
3575
8214
223
7027
3755
3337
7674
358
2937
9770
2549
3628
4622
1909
8443
4585
5922
975
1468
695
9375
5370
9845
7428
5830
7190
5281
2490
9422
6922
0
3934
8222
2387
2696
846
9245
2092
937
7908
2024
4319
1333
256
2212
3627
9264
1590
4949
9319
5028
5987
7310
7269
8392
6662
1098
570
5442
3516
378
3774
8027
1500
4575
4495
9874
4837
3499
3947
115
3764
6979
1677
6601
2698
1032
2247
369
8606
1975
2514
4722
8495
589
6625
266
7757
6510
3565
1082
1928
7256
2012
3365
6553
9748
5859
1077
5392
8301
2814
8895
7821
772
6669
9304
4595
50
130
7335
4329
4015
1544
7485
2835
3555
9670
4962
9793
252
7044
1618
8743
7968
9934
1016
7821
9587
9894
857
8119
2250
14
1509
8343
5105
7911
9018
4337
2282
4276
4585
1984
5751
1186
4413
2839
138
44
4217
7451
4778
4601
7857
4191
4473
3241
9291
1327
8677
2737
7927
5074
1835
4275
5502
890
4882
5042
551
6765
4167
1860
1552
393
1669
7240
1834
4323
3848
1562
5845
5473
5746
1924
303
489
2157
7816
7047
5929
3105
7084
2390
7529
1433
8964
6193
2158
2049
8726
7336
3168
7267
1930
6514
1213
9458
3761
4701
4015
4390
4376
976
1436
5850
4653
6388
766
5986
8641
3683
8850
7697
3886
9583
8740
2233
2090
4982
8907
1749
5116
804
4048
2724
943
5529
8933
1078
1366
429
6164
5516
4351
5746
1285
987
4987
7705
132
3281
3644
4679
7378
1547
7887
9001
2875
1622
9068
3813
5193
8933
2460
8243
1895
2339
2763
7965
6408
7225
6158
594
8696
4401
1991
7905
1027
1324
3382
5541
5685
4786
2626
3291
8866
1416
2088
7068
4391
1031
9955
711
8976
8986
8957
2174
2875
1959
8661
3732
6557
7330
8034
6469
3220
7807
4135
2983
9501
2999
6855
880
967
828
27
8856
1800
9408
7745
7136
3118
2547
2215
8707
5512
8796
6600
2044
2374
6394
6246
8824
2366
6795
5146
9021
8865
7612
6104
9819
8381
9186
7910
6098
436
1321
462
8485
9197
5291
5441
2254
3641
7843
7951
9681
2889
6754
3941
5925
527
1730
1606
7008
2418
8058
9437
7843
8437
817
2321
7798
7706
726
74
8804
8835
9599
3187
8139
7977
5872
5713
9629
2529
2015
6675
522
7564
9990
5019
7122
5613
248
2700
8133
3665
9528
3875
4989
3962
2310
1851
9615
4812
8267
668
2462
1820
8583
2100
1552
9589
1161
1193
3397
7261
1439
2541
2501
3287
7134
7666
8633
666
3812
3824
2590
355
5581
9686
4981
3910
3795
6701
8510
2635
8425
2499
8534
7030
9081
5734
3006
1079
2668
7231
7391
68
4219
7106
3595
4948
2787
5203
9317
701
3870
523
4083
2335
400
1883
8194
1507
399
7984
1036
2479
6551
472
2646
8555
4253
2804
93
7865
8946
5742
2370
6864
6970
6573
8930
1961
5821
7510
8795
6110
5294
7445
4092
5056
5835
3741
237
8120
6836
6988
9823
176
2271
6674
1813
6930
2378
3892
9251
2657
8979
1356
3254
2776
2501
1779
340
2112
8308
5490
2549
341
2539
8341
2946
1259
3540
2321
3645
2637
2936
4104
2514
2694
8407
5290
5516
7443
4090
6990
9162
3769
6022
802
7427
4915
436
975
9576
6015
2128
5536
8522
522
7951
5444
8748
4825
8372
2946
2346
7625
3652
8205
5594
7065
9288
3224
2929
6295
675
7499
4586
2343
2069
6295
3666
6843
8287
2583
2327
7120
6824
3367
1587
4693
3456
7321
147
9698
6691
4726
5501
4870
1823
8962
561
385
3514
6707
4623
4436
5774
5459
3593
7893
5078
5540
442
1335
1454
4131
1432
7242
8981
7424
3542
8415
1638
5485
1869
7118
6360
5029
893
907
2643
4528
526
887
5652
1924
859
9267
2611
5549
7569
1690
50
5568
3156
2079
7688
556
1971
2725
6687
2707
3117
3694
4667
552
1957
4998
1213
5017
1538
7648
886
4926
841
6865
1776
7154
8831
1868
2297
9858
5673
4446
7953
1668
9671
5819
4326
4202
7873
8280
1230
2471
8736
8987
2598
545
8992
240
9352
1335
1844
7293
4754
2053
2939
3912
1156
3398
5426
840
6601
7881
5914
5865
8491
151
3707
4676
2129
7588
841
1453
8170
996
214
1967
606
9200
6568
6421
2082
7193
8684
5723
2029
5213
7099
1525
105
983
1692
5693
1340
987
8539
6787
103
5586
4216
5520
1438
9571
5891
5387
1802
820
9831
6752
6220
1055
2660
1646
515
4055
321
5264
5615
6653
5841
3726
6439
190
2838
7925
5752
720
8180
8116
5502
9101
9847
1672
4952
1950
1351
6059
5159
6572
1259
2216
4856
3587
252
9618
6195
7177
1947
229
3538
7725
7766
5677
8405
627
9303
2710
1430
495
8941
9124
601
4543
7871
5668
6022
8398
8862
6739
9
7303
6170
909
1514
7223
8408
9640
2169
70
6755
4146
8940
4422
2017
2601
1293
157
2919
2746
9549
6672
9311
9147
1118
2321
8024
9261
7583
5531
5071
1836
2392
6922
2093
1833
9081
3185
1201
1082
5759
4502
1024
6992
87
5680
6586
7017
9125
7668
5215
1639
4711
1948
17
7586
437
6634
9739
649
3228
9068
1011
5822
4316
4832
9020
8739
5567
3945
1551
8911
251
1570
3498
2421
7593
9539
4474
5351
1894
3074
4646
4983
8330
1963
635
2207
8984
7171
1071
7250
6133
9369
7184
8769
6525
8687
1101
6290
1330
8312
152
927
7670
2322
8154
1611
2731
1445
1991
1322
3864
7308
1060
2049
9711
6996
1286
3611
5917
4643
5308
5694
1826
2508
5712
814
1266
9935
4954
3904
7387
2501
9318
530
1543
9901
2055
9417
820
9793
1532
4250
8035
2333
2305
9629
3278
9200
9865
2463
6365
3555
9899
1831
2027
8122
6491
4923
2292
1049
1354
4676
1569
138
832
1184
4136
172
265
7142
606
6541
494
6287
606
1131
7622
9891
1343
903
348
561
2496
9435
1987
5188
6967
8798
2727
2434
9323
8293
8006
3686
2366
9484
5327
9185
9215
2790
9241
844
5951
9361
5127
9649
7587
7710
7642
8059
3033
1840
2792
1467
9678
3298
7340
44
5839
4525
8174
7513
815
3418
6773
5230
7849
8981
6746
9197
9286
1204
5134
7490
304
7799
4990
7688
952
4335
998
4733
8133
3619
2260
5411
4783
5489
2495
4361
1883
9938
2664
1626
5031
1969
1983
7284
6745
8941
6809
5948
5587
1581
1024
8800
5001
8804
1884
1052
5878
9830
481
8033
8780
5257
7128
1619
3418
1839
9843
8082
4531
8771
1035
7372
5133
7745
4892
9808
4599
4316
548
6998
862
2186
6920
173
962
3970
1991
3221
7349
8506
7507
2527
2228
3178
1853
8754
5464
9205
1472
7599
4495
472
2513
1879
4087
1107
917
9211
379
233
1844
2739
3825
4003
9756
6227
5298
2297
6505
6044
3548
8467
1492
6463
853
5677
4202
1704
4001
8234
1934
5752
8678
3594
3025
8946
3598
7903
2401
3883
2636
3692
6816
4700
227
9039
6167
6329
6403
7425
9930
1431
4165
8843
6013
2842
2153
1227
4183
4796
6381
5063
7174
133
801
9633
2884
1367
1338
7772
4153
5897
2276
1870
432
6167
6251
5863
4174
760
3323
401
80
4128
390
7015
6037
8342
8742
171
6189
6888
5924
5155
2831
9246
2473
6420
177
3069
6482
1378
9603
2078
3625
3815
8205
1566
5122
1298
4267
9014
5763
6913
5317
4477
9384
4162
4532
1629
5589
5798
9618
9667
2990
9463
1474
3579
419
7500
3536
812
6944
7643
7417
7392
5060
5982
3422
5383
3264
425
1093
2572
4707
7290
7313
5656
2579
2482
323
7813
2782
499
7185
3189
8370
7195
2597
5605
6490
5520
7673
6956
2138
6508
7651
7097
1149
2236
987
7708
6909
9347
1764
6594
98
2036
8282
6439
1838
2431
7465
8456
8297
4075
4911
7575
7129
6886
2627
8706
7653
537
5077
1157
2985
4480
2823
4591
7740
1080
8045
1459
9952
729
2017
3761
5930
3526
9290
132
4371
8258
1406
9868
9694
3734
2134
5775
3067
7025
7681
1019
459
15
4315
8672
3605
3549
6847
796
6872
8427
587
2390
562
5490
51
2127
4081
1545
873
6710
2280
2467
59
2043
2420
4091
5965
9110
1488
8195
2505
4361
9349
8825
7268
3123
5158
9499
8866
310
171
2060
2381
1852
3948
39
994
38
4320
516
717
676
1942
1353
8263
1420
7045
1635
9596
6196
9199
6469
2610
5298
9419
3711
822
8199
2003
3603
3881
4183
4379
7172
6044
1261
2980
112
9671
9516
8767
7808
8752
9368
4005
9469
2250
9190
9255
261
6764
1250
3442
6174
9364
1312
9813
8827
7947
7653
2774
6460
4891
8214
1361
1899
6430
4865
338
9700
2297
6267
1894
4356
5449
1257
5085
5158
717
227
4323
1274
4516
4086
1263
5431
6600
4634
331
5730
459
3603
4837
4160
6288
6347
5333
712
14
8048
9136
5516
4784
3513
3292
6809
2897
6575
534
7789
6518
5850
944
617
444
4586
2911
8920
5076
1175
5892
623
9644
8235
1529
3812
2161
2814
1166
5491
1041
7954
2292
9135
2741
5392
5979
3687
959
2226
9975
2218
2208
4899
1864
1643
8221
996
2906
1272
9715
6065
3769
7111
8408
9331
3225
6322
7988
5527
550
1062
7073
5631
391
4854
5935
791
4249
917
4507
9642
3465
7092
7264
4358
6017
9576
9294
6094
1735
3679
7898
6415
9122
677
199
277
735
8082
7252
6078
8595
4119
3445
9423
6594
5225
1062
9510
5823
9068
2797
5856
868
7619
5328
8731
6388
2583
5655
9327
4160
1127
5635
5785
9463
9743
9007
8984
4673
4812
2054
811
7230
462
7109
506
4490
2127
1747
8869
772
8883
7326
730
5248
4496
2503
667
9385
5169
913
9134
8139
6853
6933
6951
1888
1837
9370
35
8857
4950
1428
9750
9039
4372
4490
1192
1946
2928
4076
4332
1522
7443
1205
9729
1172
6675
6285
332
8232
317
915
7861
5905
2356
7193
6369
2452
4664
1903
7008
5837
3499
6869
7672
3422
9232
9163
1090
2792
8789
5532
8883
1151
307
7018
1149
7482
9667
6635
1575
6809
4579
4821
7915
1194
154
5974
2479
2956
7800
535
150
2437
3713
4033
3031
3202
299
1409
9870
5134
3590
3288
1954
2325
9372
4502
3351
6216
9
4904
228
4115
7453
3407
1768
941
2095
5300
8473
9697
996
1433
4237
1451
2641
5505
3500
3556
5773
5890
8342
3042
6074
8682
3889
2826
3942
2864
3061
919
6956
4909
5804
5967
3073
6922
3028
6356
2748
1355
2919
4712
8645
5149
2413
7173
50
3564
3200
2012
1261
5048
7376
2093
4938
5513
5320
8326
3496
160
7073
3871
1861
7392
9797
4373
2983
7229
9831
7381
7705
20
1905
1772
2546
11
7886
2637
7804
4650
1001
8450
8708
1867
678
6598
2669
1741
5023
6851
2154
4991
7778
1624
1564
4491
2921
5389
7832
1201
1449
5465
9117
4102
736
5924
3604
2124
9464
5145
489
2132
3921
3406
3001
2641
2014
2375
2780
2255
6527
8775
5909
9268
399
6697
1160
3573
9567
5727
3980
4557
7218
8024
1857
569
5626
5639
5667
6439
6019
2434
9247
9073
2031
2536
6437
6980
9058
1206
5343
8870
2574
2364
929
5447
226
347
2306
3399
6110
4450
6890
3561
6539
3978
124
8854
7544
8974
9990
5685
4792
9279
710
5465
8010
8311
3183
5035
4009
1916
381
330
4054
1000
789
6529
914
8102
4913
9656
912
8511
9435
2253
9946
3751
839
7012
3907
9105
6933
5900
5853
9194
8071
5461
2060
3860
2048
271
1899
993
7246
5076
4909
420
5402
4361
8951
8690
7150
496
476
4446
1894
7986
2504
3734
3017
8331
4114
9864
4265
9206
9339
1657
10
5676
3596
199
4784
9463
8896
4733
3548
8475
9997
4247
3160
5799
889
5111
3744
8232
8826
9447
1956
6959
414
1824
5627
260
8476
1899
2698
9963
8219
421
1766
4118
5714
2392
2246
7163
5696
8168
7916
7287
7853
8459
8790
3779
8880
9101
4912
9335
6434
290
6412
380
2706
7421
4197
7174
9291
3745
2047
6913
3827
5206
1299
8491
3494
8927
5467
6771
1363
2297
9
6273
4532
1382
9964
1782
7908
3899
7429
9973
220
1639
4999
5538
2942
8661
2510
377
838
1827
6769
1042
7565
4
1435
6196
1232
3411
7350
6696
561
9625
3273
6048
9772
2001
6227
3831
8557
5946
3560
8778
9088
509
2093
264
1352
9648
8142
870
3844
9385
1496
4950
6432
4775
9411
8792
4136
6269
976
4193
5250
1392
3876
9692
2524
6116
1763
2799
1475
1490
9361
239
2854
9037
1173
2934
9930
1525
6927
6580
2719
3083
8267
707
7491
8214
1798
4768
4934
1349
1296
1527
5758
342
7315
9982
956
5719
3699
6564
5678
7211
9143
6843
1622
4479
4199
5237
1803
5869
5718
6827
9390
9169
994
7539
3408
522
1722
2306
34
4851
671
2576
2477
5187
7341
3852
2452
4082
5500
6320
4710
1293
3779
2471
872
1979
9468
4939
7395
1296
7934
6163
1161
9010
8230
4141
2446
3403
2263
3753
5061
2559
1637
3463
4168
1678
8732
2400
8076
668
806
2107
6020
8959
2396
697
837
6264
2684
7587
8266
2390
9709
533
1160
9095
1471
8058
165
4529
294
1146
7621
8144
8601
1921
6885
6001
4517
1954
876
8990
6200
6204
1582
5866
9611
9259
6499
7184
9727
2034
503
8007
971
5576
2356
1033
8548
145
493
5844
2015
687
6235
3168
7843
5160
2286
1378
1523
4697
3116
8752
1834
9739
4510
1942
9367
5589
987
5241
5579
450
1332
202
8209
1093
771
4317
3006
6266
190
2491
809
1039
6944
1541
1356
7539
393
4234
363
3581
6276
3706
805
4384
5210
8619
1097
4045
6646
7756
8171
2778
809
8073
631
2114
3342
5262
260
1133
1616
6655
4925
2258
3930
9528
236
5658
5760
800
4376
7414
5517
1028
849
5124
2460
7761
793
5917
3338
2705
4533
7811
3516
1146
1236
2297
8989
3603
7599
3
1659
3720
2562
4097
8899
1280
218
2197
4073
4974
6224
237
7981
7477
7109
4717
5098
3807
4398
9421
1841
415
4641
2115
7942
3222
4048
4994
3081
5891
2487
8675
1111
6110
8481
6003
2
3303
2751
381
8318
7690
1291
4713
29
2166
9370
4774
4798
1631
2720
9699
9378
800
345
2804
9871
5140
6885
483
7432
6567
2563
9030
828
6681
8465
8816
6302
9987
83
3978
2614
8621
7058
8738
4470
7631
2055
1908
8831
375
3752
1593
7924
2730
8130
8606
687
2638
5817
1510
5844
727
9035
722
1731
2560
3787
5840
7153
5309
2941
5602
5609
6175
957
1601
558
456
9765
1585
7301
5152
350
1334
5905
822
4663
7720
143
6794
7940
6675
1331
4747
1592
3953
338
5149
7815
4540
2818
3901
3925
2879
7087
7496
6979
5053
5071
649
6203
9812
5912
5345
5322
7619
960
1420
1245
9962
9749
3586
1375
5344
591
3963
9026
539
1539
9046
1100
2075
2777
2747
276
6744
4128
1232
7373
5006
160
569
5250
7606
432
3540
8034
3303
1641
4916
1055
2924
2155
1563
5265
2743
5071
526
7536
4534
1980
356
3522
2534
5726
8415
6642
6982
2180
4766
8178
4301
5496
4930
962
7598
9461
2127
6113
3706
6788
9589
7443
7511
5607
6944
9779
9328
7130
1709
731
8844
2215
6687
8755
1396
2345
896
5078
5615
3987
4219
6459
5473
7201
794
3730
2964
7199
1163
973
5540
6153
8841
8401
5170
5651
8520
6109
6945
3882
2672
9627
1381
2858
1614
420
9373
1458
9768
6745
3518
6197
9983
7535
2450
7842
1418
6891
1888
3446
512
9518
5214
8704
1190
9330
3429
6198
2746
3702
9908
8886
5391
1575
1671
127
219
1472
1337
2177
9725
8514
2104
7218
2882
7751
1624
1971
8569
8420
6939
5298
3238
7982
3295
2625
277
270
360
1223
5888
1335
1152
2150
802
2407
4252
7533
9084
8653
6321
7294
7815
6362
3335
6594
6316
4475
6316
588
209
934
156
988
3909
2546
2816
5317
2094
5900
1812
304
4640
7735
1614
5666
8352
7060
6971
6956
3530
8659
5820
6050
4512
6441
8018
3934
1348
1634
6773
8373
9416
4456
2427
6042
8596
4260
967
3394
7752
8309
2480
5848
2739
959
3621
7874
3683
7878
989
5876
381
7515
2723
9667
4335
4006
6433
4444
6084
5877
7404
294
6088
883
7953
1589
2108
1356
1871
7153
3485
4224
4837
3095
2656
1783
3661
3662
2017
1844
777
6301
6892
9501
2380
3050
2459
25
6013
3398
4594
411
2312
6695
8007
5054
8709
1590
7989
1394
6573
1643
643
550
7434
117
7297
3078
3454
9902
6467
583
1351
4143
2897
2688
7073
5856
6413
1804
3661
1666
2454
6701
2529
2672
3613
915
2751
2835
8519
189
3051
8358
8467
3295
6599
586
4908
436
6113
2683
2496
1430
1039
2610
1426
637
474
8651
1613
9588
5129
5722
3978
7234
8783
5306
5396
5351
8680
486
250
4581
1744
2476
3013
1410
1972
1006
8634
475
4445
9003
7922
2522
5946
510
4248
699
1485
9525
5827
5500
9482
2100
4981
5523
3195
5355
2034
4356
8407
6998
2933
2435
1716
3923
992
5719
6506
7945
1427
6368
2650
3383
1215
475
3791
9483
4635
4019
7636
7477
1942
1833
791
170
14
8871
7580
29
6257
1330
1620
427
594
5407
4495
9077
4238
4455
9232
9108
2207
4014
2929
4024
7664
3776
4535
1233
4595
9996
8918
722
5200
2758
4744
7667
9598
2840
6218
8518
1447
9848
9624
1660
8759
640
8538
7993
6933
7722
1423
3957
1397
8634
6105
1108
8749
17
6985
5833
407
9055
5020
2230
8727
7081
2037
2391
1293
1243
2014
6464
8877
5359
3194
7187
6157
9071
9229
8247
5614
8567
5965
8629
2623
943
9930
5733
7230
5271
493
8953
8784
9876
7021
5880
8004
6554
9447
2206
5859
4458
7567
4257
3866
719
4722
6327
3019
2659
8878
1095
7473
9143
756
3789
3779
5443
7389
6514
2059
1946
2187
794
3479
4930
5697
7536
6399
2034
1526
3344
5560
1117
709
435
5160
6191
7144
8464
6619
4389
3959
1472
9286
1778
5308
5699
9802
2126
7321
5746
6235
2625
5276
9925
6978
482
8753
9510
9631
1785
1672
4869
4163
875
2361
8285
3853
3911
3941
1350
4659
1036
3407
1836
5716
6206
1371
3457
524
3081
6566
2175
8951
4533
9047
3281
7737
8283
3587
8866
8542
4246
1063
8677
6941
4413
4210
310
8930
3424
9136
2801
6348
2097
3087
5555
6548
4038
6779
4525
5584
7580
3357
9296
6215
2302
5028
2325
1254
3878
8994
812
6322
6962
1418
2264
9598
3435
3800
5464
3423
4450
5602
6233
7934
3628
253
7979
1151
4288
2676
897
3360
6990
2852
4285
9155
2435
9131
6891
3455
3834
6227
8076
6820
421
3305
7654
414
668
6675
9146
9324
5812
8450
5127
3329
5476
1860
6445
6779
613
748
5700
962
8168
9910
766
6787
1612
9509
9642
7309
5744
704
4298
700
4213
9533
3543
5333
7096
7004
5972
2673
9279
4408
8561
6253
2978
7321
6433
8576
4076
8765
2126
1471
1761
3544
7115
478
1154
7626
8841
1752
5455
304
638
2049
8109
4525
3156
7338
7496
8650
5310
165
5723
7980
1216
6393
5261
7446
3711
1272
5918
9502
6199
2239
1138
2468
8156
9486
7021
3792
50
4456
2608
1531
9169
1773
9283
482
2547
8150
436
2406
7440
849
6190
6983
605
2174
2478
9970
4960
7481
3714
1816
9543
9354
4531
5089
2393
2649
5348
6097
7196
133
7867
3354
1177
8662
6784
2914
8910
8225
9971
1527
1858
3357
9139
7008
1534
3524
268
2325
6074
4940
7985
642
6614
4871
123
8440
314
3928
1376
3172
7039
1158
151
1668
9936
9397
9835
647
6731
3987
3950
5125
45
2513
2128
2495
9949
9107
6368
1640
2167
970
3890
5924
4700
655
2658
4783
1623
7938
3288
6962
9171
9717
2173
2065
5164
242
6765
7512
564
1668
1244
3080
9927
9957
8430
8429
1856
6323
8466
6434
333
3544
1230
6454
3921
3466
2369
544
8009
1649
1141
2721
6017
3960
7668
8762
3031
2581
8845
8958
1631
5164
6214
1129
8649
2448
7652
7569
6097
4075
809
4923
1350
225
9981
6033
2765
2640
8816
1843
9302
8843
2399
1787
2831
776
8629
3974
4455
5685
9220
976
7382
5410
5316
239
9804
1867
9579
8755
7111
5
5901
2252
2441
1995
9222
4540
1480
713
1510
3422
87
2265
6397
4968
3238
8556
839
8541
8502
1180
1209
4566
1936
2079
4957
2770
6198
7982
4170
4139
2170
3255
40
3260
1117
1120
5442
7935
6987
1725
9292
795
6933
3171
2647
223
926
4430
5571
3000
4523
8576
7237
9577
9477
3579
873
779
2625
145
7722
3650
8609
8938
543
6947
7500
8822
8072
9955
3500
8451
2026
5330
7319
4545
838
520
6880
7028
6193
350
14
6970
2672
9168
1485
9822
1522
3249
7555
8364
2242
3295
2134
3670
2989
2009
9229
374
5649
2111
8068
5172
5063
857
3476
7883
6994
9371
5986
951
3256
2215
7223
3346
4753
1507
3344
3919
4685
8860
8678
9462
8843
2395
8512
5570
6744
8535
3160
8935
4116
7532
572
2136
7547
8138
1318
872
7314
6369
430
2303
9409
2683
4846
9807
896
6378
4966
6024
869
7685
5665
3689
8813
5277
9111
1495
6664
9076
2597
2787
4058
7120
2026
6631
2415
2092
8740
3553
5407
1649
7994
8692
19
3
795
811
4855
5806
1863
5023
9904
2259
1868
8107
5311
5117
8132
4270
4166
5881
7292
8096
6235
2325
2440
3609
5323
104
85
2782
2289
3123
9296
6461
9783
4886
9430
8700
8859
3430
683
5773
4342
9278
2622
437
1674
8403
9837
989
8922
2589
6213
615
3278
7906
1261
597
4022
949
6147
1607
8079
3087
7783
7924
6116
2205
4327
5403
1479
5131
7066
4634
6064
5134
9713
750
3109
3864
9627
252
4395
2536
312
1216
5227
1936
6928
8324
1753
331
2469
2660
5841
542
2502
2431
2995
991
1046
736
1457
1171
3325
9470
9670
380
4140
1472
5001
7379
7430
1093
2305
3218
4221
1427
9532
5798
4555
6254
7243
1955
5507
8156
512
1640
2567
2535
2651
9972
8827
5171
2177
1288
6298
6880
6319
5263
6119
2913
4605
1533
4311
2350
8166
7364
4557
9592
8278
8652
3781
8123
8549
2611
9237
3737
1668
2003
9921
2292
8341
4804
6127
459
4432
4066
3962
2201
8195
6960
2314
3275
9354
3292
8628
8833
208
3557
4382
4710
5428
2971
9846
867
9215
4326
3011
7393
4596
6105
7644
30
4345
840
616
4545
3654
1400
1590
6737
204
9574
1374
4804
8551
4634
7111
4084
8759
1149
5978
5366
7884
73
822
5693
9344
3281
9238
3933
5385
1729
3344
1740
5966
7591
1952
7726
2682
8497
52
1600
2111
1369
2857
5940
1678
3615
6550
383
9636
2581
839
8032
7190
6289
381
2547
4528
5358
8468
7124
1370
1668
2997
8759
2301
4265
701
7111
8997
2808
286
8334
3639
3073
3844
4709
7316
8833
6571
1516
6910
5524
4143
4300
3995
8488
5027
2875
4152
3364
3238
2016
688
328
5411
87
701
1463
4953
6007
4718
6162
7131
2754
8298
9575
7863
1485
6995
2202
5164
2
1214
4578
8584
882
4659
5160
4096
4094
8624
4267
5301
4311
2723
9896
9459
1764
9543
5016
938
7301
2142
5401
7186
9414
624
2690
9355
1766
4115
641
7619
9864
1436
8504
5004
4073
1877
7032
2525
7892
6607
4732
2855
4834
7658
329
2379
3030
5458
2148
2410
3464
2668
677
2653
8832
8946
1162
278
4470
2251
8223
7591
3863
7487
8525
1762
826
4057
912
9776
9156
7790
8350
6086
9529
6925
437
1476
164
1639
9779
4032
393
641
8220
6867
8569
7080
3432
6274
2566
4084
5723
8800
6263
304
7257
897
446
8713
9689
1986
9815
8420
5641
6088
6692
2757
9571
9655
2648
6766
1758
7988
3568
2277
2040
460
9385
5401
4867
2198
6909
8006
8301
566
4528
9078
4245
899
7354
763
1258
9820
4998
234
1286
1479
9739
8634
7627
9882
1464
6078
8861
4606
6357
3967
6688
4128
3543
2542
2227
4889
6245
5976
590
7809
393
9562
4263
2239
8329
2535
2363
2308
4103
8760
5196
1786
7205
8835
7814
3495
9101
304
8790
1734
1712
1208
5565
9703
7581
5390
273
2101
8900
5666
4372
9977
9868
5764
714
4605
8034
8230
4757
3012
5266
5013
8675
4056
2747
3353
6651
1892
6783
6731
3411
8132
3240
9671
9845
6313
8465
162
9620
9105
1091
9389
906
422
2159
9947
6691
1365
6252
4991
1807
2163
2593
9338
7187
715
5141
9588
8434
9307
4469
8136
2587
7312
4134
9669
4019
1454
2972
257
3348
2085
6922
1329
293
7024
2443
8167
4988
3407
2352
9068
9121
4520
7226
7566
8661
7242
5515
1275
3540
5570
3624
1086
6502
9234
5474
1689
348
2686
1078
6708
4233
6440
7313
309
3183
1567
8471
7505
2556
6996
9126
6882
1156
445
743
6554
7953
4493
2885
5094
2887
3347
7217
3174
8877
7538
692
8092
2714
3170
1494
7731
9212
2324
3840
866
767
7596
8429
3297
3275
8682
646
9499
143
3129
4526
4181
4077
844
8618
2366
3478
8133
8646
247
2055
616
1108
3109
4
8896
9974
8101
9380
800
430
6639
317
2557
9235
206
722
8698
2711
2623
7162
1364
392
4888
8515
1119
1972
1819
86
1024
3888
1947
5309
541
3161
9453
4418
5921
5468
6387
1066
7685
3364
3141
9650
8427
2083
81
5400
957
9635
2133
8301
1238
4428
5834
1370
3822
9017
6820
801
412
6582
8935
7605
4135
109
636
1469
8670
5665
3876
6453
2473
2346
8828
4357
5551
4131
6865
4741
6889
1920
3014
5729
2743
4228
740
746
9441
9250
2610
4254
8593
178
2901
2073
1903
1398
5881
7212
1629
2525
1185
8493
3877
1128
6795
8878
9871
6812
2759
338
1607
9655
426
2157
399
3350
8814
604
449
4518
7372
5158
9623
1322
1021
7073
798
525
1821
1015
4888
9512
7185
5994
2593
6886
2011
5430
4629
293
5451
6246
9440
8048
6936
842
4326
6859
5823
135
228
9023
1163
8767
8694
8167
2566
6819
9755
1641
1423
8327
1366
521
6237
229
2998
3611
2387
2308
8664
7944
1956
7913
8395
4658
9752
3887
244
8555
8560
5460
6915
2083
1447
8116
3830
369
3993
761
6925
4020
600
9603
9582
6490
4797
9397
1450
5952
4940
2816
9183
171
4779
484
3999
471
7956
1172
6705
3742
9304
4089
5095
907
327
7850
3120
3551
6622
5275
6910
9284
2672
8611
2586
7089
9272
8626
7991
909
4093
1875
692
3351
215
1566
5462
517
3569
353
2326
3691
4128
6000
5798
2287
7315
4859
250
4843
8956
5359
3525
1411
62
7967
97
727
2630
7205
179
602
7215
2179
526
5364
2817
4623
8439
485
489
7935
4089
1180
2895
5329
2042
3671
6564
7646
1741
2875
1595
6783
7034
7799
8138
8064
3595
4548
6096
6885
3720
9503
5241
4203
7157
2826
928
1120
570
8415
4484
965
1811
3255
3726
8674
521
2091
6866
6955
9714
5016
3396
8402
9684
2664
4141
7069
5696
7199
7454
3578
9068
2739
4820
7264
3585
3856
8381
3912
3175
235
9802
7035
2605
165
2997
1261
9917
9698
7188
2379
6351
4602
8703
9841
173
5344
2719
1999
9080
6066
7207
125
3129
2256
7240
1228
3946
5312
8335
5551
2326
4224
1490
7050
4717
6430
3643
777
8125
6533
1139
4053
9438
2009
5651
3811
3644
293
3159
3181
9259
35
2420
6292
2022
652
5660
6502
9672
16
6671
5517
543
1016
308
5225
6461
2537
6857
1839
9489
7756
1431
5425
6822
8045
8937
3792
7226
2625
4926
3183
7345
3963
1181
1546
1083
5648
649
4039
7795
2297
5829
4683
6794
9129
1657
6320
6212
7712
2086
8758
7569
8111
9255
488
4718
557
8744
1888
4493
7034
3819
8957
50
6978
2601
9508
9328
1779
182
3637
948
3523
9272
1920
6495
2204
5577
8408
3482
8217
5339
7238
2373
230
9371
3777
2176
8898
3513
2668
1006
7800
4119
2464
8615
1407
8512
3500
525
9775
9644
2874
9057
5493
5953
4725
9814
9001
3979
7336
7846
749
8111
5447
5893
1864
2252
8676
8307
84
8244
9323
3237
5397
6442
6207
8182
9388
2843
1001
2122
7178
6290
7102
5955
1513
1383
288
600
7863
4488
568
6178
1812
5691
2946
3801
5887
4706
809
7823
3707
6192
277
2411
7112
1579
1538
8424
719
5010
1956
783
3886
4785
3287
7235
6389
9331
5499
1915
7792
1063
7808
9253
5574
4390
1758
9289
7521
2020
185
5500
5327
4405
883
8966
5352
4962
354
150
2241
8220
7699
7924
5985
7200
3407
9623
6434
1820
8638
8808
7370
609
7609
2375
6010
1545
8068
925
9879
3051
3515
7250
3703
5420
7884
4255
414
6664
9558
4230
9530
1170
9265
3105
843
248
5518
2681
3928
203
447
7240
5838
9134
6298
9216
3066
2748
523
4797
2888
9598
7432
6281
7404
8333
488
7151
2178
9701
4902
4370
9666
9115
4611
638
9254
5281
5450
3263
2654
1320
8600
689
2020
2821
3516
9048
8188
7382
3627
6210
5438
5334
5271
8633
5431
495
7600
205
3948
656
5451
7105
2928
5568
8627
4052
4360
3826
7885
2131
7902
266
4929
781
9859
5262
7749
5672
6025
8624
2652
1378
4927
4107
1984
8714
3821
7515
3979
2416
5843
4594
8044
4570
9406
7833
5896
553
1659
9284
2511
1804
8158
5929
8192
2195
1189
4690
6960
6790
8264
2369
1495
4038
7716
4404
299
8228
4585
1561
2385
7538
5873
5683
5601
8967
6850
5933
5162
2103
7301
2462
5094
8705
6183
8222
9615
9451
192
1209
722
4635
2563
1074
3747
8839
4213
9353
6257
16
1234
3056
2507
234
4396
2730
8819
863
53
1989
4866
1572
4255
1577
7484
3788
9009
849
1813
2892
8941
7866
1925
2576
8080
5450
9928
2412
5482
9491
1977
1444
479
3448
9888
9919
9661
7487
4473
3658
5310
3608
4839
9354
6144
6717
3768
6372
4100
3002
9867
8240
6324
9582
5696
1275
2712
2770
7487
7836
4939
7226
1819
8250
1609
2442
840
2459
2268
8043
2651
8048
2119
6654
145
1215
8946
8145
6883
1377
5959
431
248
8734
4653
3148
1547
6997
5859
5794
799
177
1119
5141
7296
1768
1576
6302
3067
7397
7936
8198
5681
3097
7014
3553
7241
8749
987
765
3076
1019
2292
1611
9124
1294
8591
1069
1231
1607
121
1073
1168
946
7679
3229
6623
632
1604
9547
1202
1797
7507
855
3044
701
9733
2215
2277
3387
4020
1354
9139
8650
7841
7108
9591
2056
2387
2185
2579
9800
674
647
9594
870
3395
586
9632
4608
4420
2186
6804
6403
9707
9095
6459
8356
1514
7112
8336
2385
3845
2400
9640
9383
551
7442
7210
6372
8178
1047
9503
3567
4821
3118
1238
4359
9395
2019
3932
762
1490
6322
8362
8408
81
7869
959
854
2334
973
5423
8375
6918
9958
7996
5000
2638
2463
3396
6042
8754
8544
923
8806
7980
8107
955
572
4695
8672
3210
1757
7476
4012
4059
4218
4829
2306
4886
4124
9208
2014
476
5973
2047
5797
8166
1814
2285
7504
334
4851
955
5739
4608
5940
461
729
530
5117
662
4634
1698
321
6851
6640
9007
2226
2502
9406
9898
1388
9586
546
126
4547
5927
3556
1886
4505
1950
1695
6062
3029
7815
1105
3334
993
9616
8190
3138
50
3786
3097
6940
318
7287
1077
2478
4504
2310
3576
8195
4239
5186
9601
2398
4377
4839
4284
6973
5050
55
5188
1087
7257
3644
4985
1491
8357
1535
2114
9955
9411
5673
196
1489
2908
727
7987
673
5109
7507
6633
8055
1566
6465
3237
7778
4959
2951
901
1786
9327
993
9159
70
6200
8948
668
2945
9720
1041
1758
8013
921
284
3940
2280
4851
2317
9059
2255
7311
4774
5032
0
7855
2615
2067
916
7773
2319
9270
3533
2210
1732
271
141
4968
3813
7777
5943
2370
1693
6330
2345
7050
5002
2512
5722
2971
4239
4237
7280
8064
375
2637
1702
8732
1564
2198
6156
748
1815
4360
8895
8010
4136
4516
2587
7891
6215
1649
6510
9195
1324
8829
3838
1183
8493
433
2606
5228
1878
4488
8269
6302
8462
7954
7535
1580
8279
6292
4769
1026
966
1314
8935
30
9876
3375
5624
8511
948
3956
1212
3147
3734
6048
8612
1457
2843
7935
3196
1342
4890
7341
1901
7411
5539
4125
6261
2150
5393
9733
2187
4968
1653
2684
9725
8248
3825
2120
1628
4054
8994
2081
7163
10
1459
266
9716
2454
5261
9889
4908
7705
8899
5812
9016
1526
5997
4470
1648
4564
8115
4466
3538
2615
876
7360
650
1631
7895
1510
8208
6495
5387
2513
323
6705
5770
3092
4357
2440
5307
271
1863
5238
3800
3940
5687
4159
6581
1414
774
7469
2083
3459
879
5989
3523
2708
4405
5819
4430
4402
1596
1490
5813
6379
1658
1910
4981
6085
6671
9965
2125
8770
2564
459
8227
9557
6608
3877
6387
325
6801
649
1673
7935
5961
6332
4066
2432
6998
980
5582
3603
486
9447
1081
520
986
8210
602
134
491
8959
1051
4178
523
2721
4010
8752
8942
162
5167
5674
664
1184
1071
5679
1928
4099
4864
5949
2213
8418
1167
5714
7736
8918
1582
5343
5899
5486
5650
4383
6576
8101
1468
9926
2565
6977
22
1405
4006
8941
2256
7645
6612
1754
7659
7194
1620
3425
631
6243
5451
3965
3576
1126
5897
8743
1134
6969
7299
9217
9109
1767
2614
5286
6185
2391
1593
1009
1102
2883
5586
8126
2112
2760
2203
3407
2023
9545
7574
3200
1197
2009
1583
4589
8402
1256
1682
5906
7599
3390
6636
4946
7002
7942
7686
4860
2058
9821
5519
5435
6364
7883
6089
4845
7077
7712
8312
1719
89
8051
9254
3223
4283
3815
7098
4554
7205
240
7033
4911
2266
4469
1438
9355
1323
7893
8871
382
2135
2335
3872
934
886
3820
5924
2675
1848
3840
816
3402
9913
1825
7514
814
9960
2407
6258
6492
5817
7077
6985
8406
3239
5782
4239
3651
30
2092
1873
1860
6280
5765
1187
9322
5718
7439
1353
4406
9009
9886
9981
5233
4897
1003
5676
4205
654
4863
6641
5867
4341
720
7335
9327
2046
9243
1961
7409
8124
339
2092
1286
2244
2280
8080
9710
8946
5436
3874
2047
7960
9234
8310
4050
6104
1208
3987
3612
6675
3975
9135
8208
547
3912
5277
5986
9799
9705
995
5807
3805
2384
4625
7100
133
4224
2943
4044
1858
6602
9143
1286
8756
2677
1619
598
1637
1857
2392
5699
689
4408
7939
4641
4777
3190
2162
9752
2729
1131
6582
1316
9544
4542
8727
6958
7937
4116
249
2635
5552
2449
9742
2564
9342
8415
4573
4614
8337
1693
6689
6346
6014
5465
2261
1896
576
577
1806
4599
9421
3191
4505
4776
3783
4147
583
2196
8769
813
2245
8627
6018
1051
5185
2767
4479
983
6843
2504
6244
3877
6216
649
2786
9395
2925
3995
7456
7426
2186
7561
9115
9125
6628
7091
9232
2328
6071
1671
5324
6114
2796
2460
1826
5965
4680
8001
9580
6166
1413
5206
5205
6432
3397
5689
1799
2014
8532
3332
1969
5041
973
6580
635
654
7055
7533
1804
164
8002
5149
956
6460
8005
5711
7510
7314
4361
5280
2416
3315
7348
2023
8270
2871
5887
6688
659
7617
5456
7898
3866
4053
2767
6050
693
3066
4275
9903
1683
3599
573
1615
5831
2931
56
7250
807
3471
4526
1910
3106
1959
1487
5090
9989
498
5502
6392
3168
9605
1692
2980
2708
3350
3561
2346
8352
128
1783
1903
557
1299
5986
4806
6310
4014
1677
1550
6492
3839
2399
8874
2425
9033
6750
6609
884
9336
986
3991
7172
6017
3005
2236
5720
2846
4578
1059
565
9176
3620
8534
6082
2949
5064
2136
2801
2837
4445
1451
847
8840
7666
8067
7966
3346
3833
4379
1280
1505
780
7895
1176
7838
2941
9385
4395
3474
8434
6999
1101
6028
2672
7629
7417
2032
8327
4703
6368
9937
2175
1554
582
9922
1409
1675
745
6650
2281
1800
6404
1846
251
7422
8803
2388
1123
979
4504
7197
209
8653
9917
65
6837
5386
9691
3050
456
1121
427
490
4763
5897
9450
6790
7171
5561
1362
7032
3877
2336
4055
8991
8927
2182
3263
5466
3256
4706
7782
4229
9144
3725
1024
6386
2859
5303
2304
1531
1361
920
3513
4311
8186
4746
7171
5708
9889
2037
5537
8293
2022
7819
5232
5363
3264
2694
5650
3672
2819
14
1932
4114
8638
4671
1853
1957
5256
2010
624
5724
9581
1147
9283
1393
8963
7803
505
1195
4194
9863
4109
3336
659
4609
5208
8875
2183
8693
2181
4855
1068
7487
8931
6349
1788
4859
9419
8386
4630
1901
7059
8741
6113
4226
3745
832
8622
3766
3876
6028
4414
5319
271
5242
8740
202
2455
1231
8764
9133
6960
431
3643
541
9491
6990
4153
9641
5859
7458
6589
8038
1680
6413
6119
5637
3563
203
3076
5234
1515
6774
1805
5597
7871
8962
6833
2158
6949
7926
245
2181
8139
1991
5657
5424
5828
3116
2685
3585
8429
61
5587
8015
7136
2829
1686
9004
2217
5114
476
4870
855
1026
9016
7106
341
6857
515
6406
5706
9944
3564
2453
62
1304
1069
1217
6126
5599
8496
7708
9505
26
9394
5023
6507
1404
135
7167
3842
5190
2286
8172
3600
4632
1158
5468
6233
1462
1441
3400
6173
2062
8120
6549
9424
2009
4383
7062
72
8033
7931
2240
6582
3058
8017
622
7145
8275
1873
7718
7696
855
1586
3467
190
9999
271
8292
9218
4418
4579
7501
72
80
9170
4749
9738
2387
6184
3240
8859
568
1493
3862
9510
2268
5849
8132
2370
8906
5308
9161
9849
1012
929
4683
7033
5024
5324
4099
858
7541
2674
4830
7857
8053
9968
2085
5172
8126
2063
7328
9647
4380
1078
4007
6023
8177
2289
7545
9773
8712
3008
4752
9798
8134
1715
8580
7576
8626
9444
8927
2295
7286
1781
5409
8721
6598
2396
1734
550
5089
6460
2501
1100
1670
3815
5017
6210
3177
2817
6149
2916
5205
4470
1427
6622
3172
8654
1982
5700
6285
5456
6962
2562
4750
4036
6560
591
1819
3566
9926
1976
5477
8824
4766
3386
2893
991
1222
8047
9835
7921
1296
6861
1387
6117
8107
59
3415
4236
81
2325
8971
3110
2674
3042
3972
9352
3970
8437
842
1981
8270
1745
9969
218
2965
2640
2298
822
6164
9094
2591
9706
8706
5409
1279
1301
7390
3891
9095
7028
902
1571
8674
1856
8681
5777
2561
3720
622
7657
126
5841
359
8970
45
3946
1537
9272
2389
8453
9837
4798
6062
8051
9699
1095
9932
3071
9397
8095
9547
6142
9763
7366
1178
2533
9582
9621
6604
908
5102
7924
3309
274
4535
3419
1203
4929
521
9656
6693
8723
1448
5728
9504
612
124
3497
647
5866
9625
9463
4283
1235
3121
4070
524
8446
1960
1320
1294
7997
4361
7646
6128
4569
7288
7212
6969
3094
1719
8905
5299
7864
6653
4804
1276
6662
6963
9853
8827
9358
3857
5443
224
8042
7497
7546
4543
9826
3313
2736
6463
8146
2647
6735
9806
476
2624
4821
6583
1681
6370
6402
3782
4573
5859
2834
987
480
34
4445
4286
4612
1556
299
3394
75
5009
7931
2093
8297
8656
3621
2118
2291
7040
8303
9360
1142
1001
1373
6694
10
242
7501
8743
1704
3156
2978
6277
9658
9215
3055
1704
2387
8636
1718
5528
6927
5074
5793
7515
7948
3917
545
2908
7448
5756
5269
8061
4940
3786
8814
5822
7946
9167
1824
7806
4580
9079
3515
3265
7869
9988
4667
8482
4835
2992
6973
4699
8733
8245
4276
1715
9793
7008
3498
8120
5642
4307
986
2974
8872
9867
9742
7126
3128
113
9428
2386
9910
3380
7847
2711
6560
663
5307
5812
2109
8967
8456
1923
6173
2369
4187
3853
1778
5057
9290
4451
512
1037
5846
2186
9633
1811
9110
3942
2045
112
177
4923
4104
564
4492
4480
491
2386
1429
8677
5752
123
3679
86
6008
6429
608
9649
8775
1640
5383
6004
3475
2658
6209
9274
6384
6940
6990
4248
6192
1797
7135
578
7729
8813
1555
8612
4967
1900
9299
7550
8700
6467
5274
2255
5541
1171
2889
4773
9815
6782
1594
5988
6489
411
4403
4374
9676
717
8573
658
8681
7862
7638
9375
3817
2760
3332
5322
4139
8781
8379
3926
1889
9991
992
596
9852
1242
3583
4228
3626
2489
90
555
2060
2206
9795
8645
6989
3358
1404
428
7632
3836
4989
8521
6793
6253
5398
1163
9935
2668
6870
8630
7648
6367
3707
222
2870
1354
9514
4036
8632
9986
929
3264
4308
4948
7723
8735
5499
4295
3684
8223
4478
848
3997
7321
6312
5125
6755
8398
2060
8803
11
2438
2464
8787
8641
884
6297
9051
705
5710
7418
6946
9285
4011
9591
2214
5025
7854
2079
9409
427
8882
1194
8392
974
5030
7886
1654
1521
8396
6296
793
6244
5453
8058
5820
3371
1439
7920
4709
1454
7321
2263
7487
2687
8405
351
9338
1742
231
2224
1026
7305
9118
1372
494
2664
3001
5028
4570
633
2700
7278
4006
5511
499
7540
6320
1664
3686
528
1536
327
5197
4071
483
6551
1158
2340
2794
489
5589
9431
6227
2344
7515
5309
6776
1155
8074
2641
4583
5683
1959
9107
483
6493
2497
952
56
5802
4066
1299
1108
3557
3924
4515
2948
5877
9925
9084
1885
8780
206
5818
3004
5919
5600
452
5232
3430
5344
5325
8855
3382
5301
7505
9558
9374
6319
8030
6013
7023
6426
6880
2297
2720
7412
3890
2188
3552
1467
2961
8746
1165
8618
5971
4102
6293
9542
3721
3917
6283
6468
1841
992
5564
5421
5967
632
306
6164
8204
7925
616
3720
2767
2344
1520
2293
9420
3650
354
2720
1354
2811
6469
3618
5866
8711
9619
148
6420
951
9704
8589
644
9356
3643
7960
4069
1473
5248
8953
9532
442
5293
4609
2233
5783
9004
6224
794
301
3873
2491
3264
4647
6716
7326
6709
9705
8865
99
4862
8357
5190
5412
4350
3218
9692
429
9164
2682
5058
934
5302
2962
9350
6863
165
5519
4653
3421
6323
6023
2358
2532
7162
7654
2666
4581
1102
1938
7654
5019
5902
7153
8508
6128
8040
6602
2599
7749
1915
4921
398
1074
2960
5799
3435
5658
3691
57
9452
9123
2319
9447
9177
932
5904
2528
6583
6784
1341
5020
9196
2403
2477
2258
5860
6490
953
4444
7444
2247
9066
7224
669
7669
6884
1248
1619
3577
6020
5195
5887
1290
950
117
7281
1491
7355
1101
5002
8054
1112
6702
121
9923
8066
1424
3252
7737
9257
1968
6122
3660
2370
8685
4007
4504
1146
6356
2023
7845
903
5103
5182
4444
2385
2329
280
4344
2689
5269
7660
4608
2105
9488
1110
4356
2229
2468
2662
4902
6048
7006
2883
828
2426
1234
1747
9155
1208
6317
6191
326
940
4012
7299
6894
8183
4059
1364
8108
3628
6992
5797
5381
1863
9562
3499
2654
9534
3268
9263
4041
1351
446
5397
8302
7610
5165
7803
4685
7768
1074
5251
290
8204
8985
3700
2443
4065
803
4382
2198
3508
6598
2157
3102
5931
7859
3744
6408
630
5609
5274
2233
4885
6856
8153
4203
2379
8072
3749
3487
145
7019
5451
4420
9150
5456
4586
8681
981
3433
9998
4511
5136
7248
988
1523
8476
6229
653
7387
2244
3035
1646
4815
531
1716
3526
5130
1732
5914
8202
672
124
6992
3694
4034
5242
8920
1661
4224
1277
3110
6763
2047
168
4932
9737
5419
594
4039
8153
6462
6113
2995
834
914
1863
795
9014
4019
1213
4715
5746
681
9184
8585
934
5093
6793
7705
9829
5945
4225
1904
3887
1981
804
5708
7357
591
1381
1570
8061
4682
51
231
8496
683
6619
771
7231
6752
9678
3331
2469
673
197
3070
1545
3732
6353
5739
1034
7276
8792
1105
7392
593
5325
1230
9841
1094
3022
8316
1777
7735
2420
2321
1790
5297
4999
7541
379
1079
6528
8986
3194
1602
2963
8167
2256
5192
8093
7014
3187
4368
3642
3983
1191
7109
9786
1524
3610
4777
5700
8526
8589
8716
7660
5207
4916
4189
8593
6218
6848
2160
7242
6200
4250
8209
2515
3581
4914
4888
3954
3890
5706
9934
6063
259
1548
5390
787
3908
9363
511
8224
4592
137
5361
5217
2131
5276
583
8691
3897
3542
7028
7845
629
702
3496
9740
998
953
5645
6426
8791
6741
477
1344
8870
5383
3943
3777
1304
3763
8193
4632
6427
5948
48
3389
4699
6237
5958
3509
1353
9095
8427
4904
9689
3579
1487
3526
251
2459
2158
6844
4205
5949
2454
627
5199
9200
5909
9211
9463
513
5975
3126
389
7903
5326
1015
4585
974
5586
957
1348
649
5436
1067
7469
956
9997
1386
5925
6641
2068
1552
6524
8953
7184
3059
3845
1854
1843
3625
6968
9286
5800
3298
6520
5770
2854
248
1828
5864
5764
341
321
4310
4544
1222
2583
1336
2331
3295
4586
291
6583
207
3901
2883
8708
9173
8626
5626
9703
9635
8005
2954
7868
2738
9610
6133
7230
8247
996
6019
8276
660
3927
228
5182
7410
9248
3030
8352
3389
6484
8089
5390
1312
8390
6369
9322
3667
2573
9612
9321
2098
9589
1429
8940
7664
5365
1768
7694
1020
561
8055
1466
6147
5344
9212
3119
3910
7281
7551
6181
5501
8313
9835
7282
8380
3809
4012
649
6468
5166
8028
707
4717
8800
6126
8496
3988
9775
9498
2591
7888
6291
2859
7468
4121
3123
4421
9834
5546
6560
7915
2194
390
1523
7680
1226
5465
7876
4684
7033
8897
5101
5745
1274
1741
1086
1663
5344
7316
1442
6805
5977
8713
9554
1752
8373
7134
568
4137
376
8759
2567
3106
9326
2976
8473
1665
5295
8241
8377
3225
2148
1969
290
4453
4776
3497
4727
6926
1010
4650
4789
3519
1011
1138
9014
3095
8363
7434
2967
4526
8273
2228
3612
1916
6002
644
9043
4182
3272
7387
3158
5979
2383
860
5093
9262
677
8089
5299
9540
3585
8221
6848
7361
1029
8880
7239
3982
4342
8662
9288
8573
6156
3481
3609
800
7205
2168
1257
5511
5278
6896
8437
8025
7925
442
5854
2101
313
4165
2283
329
2179
8886
2171
8403
1241
8973
4093
7477
2544
1385
4948
2686
4065
591
3765
3255
3408
3255
659
2748
1609
1303
493
5948
5516
5284
2597
5554
2427
6454
6917
2693
1392
2732
4526
6300
4260
1760
2273
8150
9150
1404
113
89
9449
9404
9192
8745
1642
7606
3705
6412
2736
3992
1206
2300
4620
1345
7331
1789
3171
2995
4346
463
5153
4471
1361
6901
2881
2593
73
2071
2443
373
5864
4662
1628
4619
3993
1006
4428
2015
1603
9377
5468
588
2519
1137
1262
4282
1278
861
7802
6836
7011
8976
2878
4047
6572
103
8998
2905
8622
4050
6188
5182
801
5404
98
1473
1714
9742
8077
5737
2009
4097
9556
1098
4746
8019
6954
9445
9343
5179
4520
2642
182
2304
2238
5565
1575
6456
4683
2975
1881
7629
5180
9647
1669
900
6225
216
4890
3393
9926
493
1795
6453
2161
5002
8262
9
9767
3580
8415
5040
6164
84
7501
8791
234
56
1466
1632
9417
5323
9408
7857
5233
1743
2730
7622
1556
8247
2729
4670
5567
2161
8745
9140
9546
3396
6276
4604
3262
1431
4596
3090
7447
4914
9902
9981
3818
2713
5021
8121
1784
8550
829
2981
419
6373
4698
4394
5041
6903
3432
9486
4383
5247
932
2744
8152
2385
362
9108
326
828
440
7097
3256
3429
9459
1690
4804
1190
5769
1834
543
4567
1367
3827
4139
5372
9196
696
1968
4670
1869
793
6783
5023
4570
2967
1826
9688
6625
6793
6568
4837
7714
9951
5888
2468
2771
5701
2195
7305
6452
3802
4631
8598
9077
6113
2513
3033
8135
55
3339
5046
209
7511
4198
2615
3396
634
6289
5265
5073
9667
1387
6217
7401
9658
6742
4951
341
839
4317
2570
728
1874
2087
876
7617
8136
8220
7814
1573
4961
4791
4839
3452
4527
6317
7153
2059
1689
7437
5157
3010
8473
5208
6353
6935
9347
163
4343
1667
9128
7755
9887
7003
1786
1128
479
7938
8624
6661
9563
1549
9180
1071
4168
2199
3771
6619
3621
7190
1660
3037
1483
573
5461
9479
4628
195
1730
2367
7419
5684
1328
116
7394
2903
9929
1842
2570
2128
577
2563
3358
2087
9904
9864
3697
7112
3137
6841
5001
4636
6731
8266
1372
3496
4381
3903
6282
8581
175
6977
5963
5856
9702
33
4619
9730
9513
4492
1778
9571
5730
1679
8441
3659
3911
733
4634
7225
9258
2511
135
3927
2669
5707
8030
3117
4954
7513
1788
1637
3170
2257
6143
5711
788
7161
8016
774
1632
3982
4353
8019
4557
2480
979
417
3096
6180
7036
4400
7502
7412
5862
2110
8667
2585
7979
8066
1172
9292
5776
3659
8786
3881
6368
2681
4320
2181
6507
5770
2503
2625
7086
5288
9032
2767
6837
4033
10
2277
8734
7799
276
9121
415
4376
7965
3531
1051
2577
226
7553
2577
5391
216
4926
1125
8726
4307
6796
3171
6438
3462
1837
82
4794
7100
8596
3269
4323
4022
3577
5336
7717
422
3469
6185
671
4459
5050
2084
2017
3582
6095
7908
4025
4076
347
8215
4175
725
3735
5249
5410
965
5977
1219
18
3745
1510
9997
5855
5156
968
4066
1745
5050
80
3564
4618
7165
3822
2000
3514
1438
2511
9955
8737
1030
2502
3212
9418
5053
6750
9676
2838
8284
4046
1691
2806
7150
5150
3669
2413
3020
8281
7157
5845
9
4068
8801
7361
4682
3934
566
2563
5499
5416
3829
5152
9630
1159
542
448
7509
616
3084
9786
7650
9683
1538
2303
4237
5875
2324
1462
5109
1221
152
6040
5419
2639
606
8188
6268
8579
9791
3030
3437
1683
8802
5340
6315
3495
2405
8858
9811
8366
9033
2070
2576
3937
5806
8790
8964
1070
2002
5216
4041
5667
4676
1186
1831
7417
1854
1139
3529
1124
530
3306
7195
4744
3843
6126
9879
8558
8775
3534
2416
6823
9708
9186
9998
2496
2857
7073
5724
1910
4599
6804
7550
3836
2896
1275
4071
7659
646
3935
3194
2346
8647
2919
1919
750
4847
8015
4232
35
4014
1734
7284
3836
8060
2614
6436
5687
7131
3098
5949
596
4476
4107
189
6424
4756
8059
1233
2573
3712
6278
4342
4892
1622
8693
7023
5182
4638
7957
5639
4559
1954
776
2343
1044
130
7515
6298
1246
8074
2871
9806
352
5688
1451
5470
3230
6280
4426
5614
5158
4707
9857
3943
4355
9176
5820
660
9007
201
7658
8252
633
8041
6350
4256
40
2724
1031
6343
7087
1216
5234
665
9889
3683
9614
8185
8694
6805
6096
1014
2207
2519
4505
1315
2662
2644
9557
2486
6986
3751
2501
8574
1402
2733
1439
6729
7279
1276
2291
1220
223
933
4626
1700
7247
3606
1355
6549
4665
6210
8854
2737
5999
4661
7572
899
4686
1139
758
893
9366
3360
4317
998
7417
5333
162
6664
1938
914
8568
5161
7849
1071
8318
6520
5956
3064
3113
8363
3167
4920
4082
2055
8143
1108
92
2255
7171
4315
344
240
5724
5101
2460
2269
6639
2922
1169
2470
1449
924
7420
3054
9027
7096
3648
5773
565
5521
3314
9315
5327
6669
5997
7279
198
8764
5079
63
9804
5142
7604
1928
1124
3669
1657
1481
8900
5891
1475
4059
5339
292
4553
2139
229
5015
6319
539
9421
2441
2365
4677
2450
1275
7184
7154
3053
5926
9231
4123
5842
2668
1888
7790
4421
8992
9692
8386
4207
5176
928
7310
5857
466
422
9239
872
8613
2099
4473
9122
9449
8818
3145
3248
6330
1985
4696
5852
6121
3995
9354
9788
947
8150
6695
2728
9622
2493
2322
7209
5026
7744
9609
3506
8748
1930
4604
6708
7753
2356
8897
60
792
1513
2998
8303
9968
1418
4425
1530
7037
4498
261
6947
117
1404
3486
1412
9344
5204
7743
7193
5767
1899
9842
8119
444
5199
8064
3664
2843
1290
2169
884
4255
4666
2102
2842
6407
3793
9597
5743
7754
2318
2004
1102
6394
5036
7274
5170
565
4953
6995
856
5505
7273
2866
5016
9481
5564
1804
2308
371
3166
8618
1266
7941
5549
4511
5031
3175
7488
6667
3477
5353
6550
4863
2374
1000
9725
370
4185
3694
8084
7540
9533
2888
5043
577
540
2252
2041
1432
618
1834
3382
4076
4669
722
9578
8330
2143
5574
9246
1900
7969
5538
4434
5934
3827
4009
4518
9359
2434
7761
4621
3659
1969
5411
4751
2534
4827
4844
1166
6603
1207
343
1867
5878
2813
94
1386
2319
4393
2222
5875
4760
718
3707
7962
5736
396
500
1297
6793
6612
1497
3805
3055
1547
5578
6006
8107
6270
1969
4851
7630
4102
1250
9685
4562
8444
482
7587
357
8334
7814
5319
6215
9778
4958
5574
4375
4426
1634
2005
9496
5512
555
9626
5786
9060
1973
1249
2630
4285
803
5296
2714
6733
8756
5197
4934
5328
4309
4014
5910
3461
4823
7282
5969
1461
8546
2158
2609
5668
1882
6954
3028
3414
289
6989
4258
9940
6493
1286
2944
2079
5451
1149
6869
5636
4836
5129
6075
1025
7087
180
328
6679
9032
2604
5229
7568
655
7354
5247
5747
9028
6520
8916
2853
7442
2783
8768
4258
8809
4223
1857
1117
6944
1970
2999
292
314
6275
4729
8584
9561
7579
84
3995
9537
7725
6709
9227
9934
1715
520
3694
5864
3911
194
5694
1222
3110
9196
2263
1905
3762
3681
3886
3243
2072
1898
2053
8255
8258
215
4844
6634
6925
6770
1594
3210
845
3551
5821
886
7775
1782
1486
6799
7935
1396
6520
7766
524
6078
3306
7614
1977
6999
6667
2002
4981
6709
2446
6106
9069
2287
3206
2906
2608
7097
3068
8540
9604
1476
4990
8784
7287
1967
1898
1248
232
5794
940
7369
4023
2301
2452
2775
2699
829
1228
2271
7907
159
2104
787
3998
7735
7022
2674
1006
7363
6648
9022
634
6635
8168
7522
8452
9132
1723
1940
8043
8166
3889
23
4593
3107
3869
4772
6431
3993
5896
8330
2808
1169
7370
835
6700
3784
8971
6089
4942
1750
2439
8697
4471
6686
5041
7926
1452
1989
8553
449
5902
6487
3024
9880
5201
4390
6364
2605
8207
5748
7255
313
5326
2707
925
5329
895
4698
9990
4071
1992
5099
720
7683
6180
3555
1857
6052
7385
6066
2923
593
6714
3004
2561
3557
6959
8863
1689
7515
1426
2390
147
9126
7547
8396
5624
1125
5903
3477
9270
6164
643
6298
6412
9414
4727
2371
7585
3810
7633
7547
2778
2268
6216
4238
9435
1829
8499
7126
7933
6821
9552
6182
8737
1528
9081
1446
1732
1159
3876
1857
2564
1609
8601
7659
1842
5098
842
9766
7752
1114
8958
2199
701
4216
5742
7141
9911
2401
2133
434
6128
1156
1649
8126
7148
6744
4911
5719
1385
6144
9798
309
1112
6574
8321
1077
6747
4789
9155
6644
8912
3731
5639
9215
8381
7423
1158
5705
5740
7136
2157
4093
1945
4463
9613
724
8825
925
3076
4664
6894
8407
4253
8042
2713
6921
403
802
9967
785
1596
7109
5870
8198
8404
1835
3217
8953
4999
9889
8003
362
6547
9597
8465
1230
8172
7985
5475
7151
6994
2385
5212
2517
5121
8536
655
2676
5736
7272
3285
6997
2924
9536
7228
6906
1661
3955
4482
1948
1560
8391
4963
567
5263
9723
639
953
4887
9885
9824
5431
7600
9802
5162
9120
4186
1239
9251
790
3350
2208
357
5114
6266
1039
9842
1943
7338
1823
6088
1794
6275
1409
9749
8704
7481
6207
828
281
2916
7903
5624
2700
6742
8491
1281
2178
4992
4334
2141
7911
7030
753
2249
135
2048
7464
1592
7861
5507
9574
2122
8258
1871
648
8208
4348
8825
2064
1568
5333
8252
2257
4885
2822
3788
2379
1672
6195
2220
279
148
4848
4240
7637
7430
7604
1829
3395
1380
605
3760
3698
5777
3349
9444
6548
7214
9540
1368
9272
1730
1077
6952
7433
3404
9357
9018
515
7384
6218
3380
264
8961
2104
9965
5474
9015
9146
4465
4922
4673
5814
601
5801
3188
690
154
8284
196
478
1932
8317
8666
258
6206
8352
775
26
1928
9835
6873
6143
8818
5914
4220
7111
4563
2002
1986
1391
4412
9636
9653
3289
9286
9844
2364
3377
3529
1002
3308
5828
5487
8648
3297
4467
7736
9742
9310
9476
6767
4091
466
4874
6172
4197
891
1462
5916
4539
4271
9822
8958
8328
8296
8061
9519
7674
5952
8890
9161
6884
2030
8414
55
6529
2255
7536
4396
9531
649
2051
8693
7691
8667
4628
6988
6977
9433
1980
8350
1061
5671
460
5455
8831
6372
1018
4685
6261
9545
2486
3938
1315
97
5218
6270
6112
4044
4914
3572
7150
1919
6256
2083
162
1086
3699
7337
8693
1324
8577
5411
1898
626
2643
5159
4945
7902
1048
2918
4923
5070
7196
1420
6719
3966
5690
5050
3901
1806
7056
6551
3537
4040
3058
6066
6153
272
930
1658
1450
1837
4702
7089
2497
6519
3482
1087
9206
7937
5664
8803
869
168
7669
9696
5952
4957
670
997
1519
6096
3266
1916
2826
8957
4818
680
7128
652
2934
9993
4392
7267
6890
9826
657
9838
6169
4621
8421
2546
4841
3373
8123
8815
791
9684
8909
7109
6228
5158
5711
2104
625
1085
8962
6870
3590
719
7975
6823
5177
6909
8167
2167
9677
4813
2067
1713
4441
2746
2600
1596
5483
9642
4133
7930
9532
7905
4224
5486
7062
3333
1109
5198
2292
8305
9088
1770
8360
7421
5934
2492
898
878
6623
2112
8992
9690
4767
8982
5345
9743
3253
7669
5887
4308
1467
9074
2940
9248
3727
6177
331
2234
1929
2619
3667
8960
6318
5906
7807
2940
3364
1537
6650
4900
5112
9239
7690
3009
1916
2053
6473
1026
8933
5445
9580
8818
6740
8446
605
3127
9059
9062
7356
3325
274
6247
4534
2962
3570
5317
2004
2483
2211
8014
5064
343
3257
5635
8323
3610
7332
4279
1498
2077
8624
5093
1482
8300
2761
6887
7129
96
5059
5044
1920
4518
602
905
2454
5823
6966
7068
718
6633
7841
2317
1012
4175